.VERSION 1.0
.HIERARCHY CHARACTER
.COORD X Y T
.SEGMENT CHARACTER
.X_POINTS_PER_INCH 100
.Y_POINTS_PER_INCH 100
.POINTS_PER_SECOND 75
.H_LINE 2760 3280
.V_LINE 2320 2840
.PEN_DOWN
95 48 0
95 48 0
97 49 0
101 52 0
107 58 0
115 65 0
121 71 0
125 75 0
128 78 0
130 80 0
.PEN_UP
.PEN_DOWN
141 49 0
141 49 0
140 51 0
140 55 0
139 57 0
138 62 0
137 66 0
135 70 0
134 74 0
133 77 0
132 81 0
131 84 0
130 86 0
129 89 0
128 92 0
128 93 0
127 96 0
126 98 0
126 99 0
125 101 0
125 102 0
125 103 0
124 103 0
124 107 0
124 110 0
124 112 0
124 115 0
124 117 0
124 118 0
.PEN_UP