.VERSION 1.0
.HIERARCHY CHARACTER
.COORD X Y T
.SEGMENT CHARACTER
.X_POINTS_PER_INCH 100
.Y_POINTS_PER_INCH 100
.POINTS_PER_SECOND 75
.H_LINE 2760 3280
.V_LINE 2320 2840
.PEN_DOWN
139 41 0
139 41 0
138 41 0
137 41 0
136 42 0
135 44 0
133 47 0
131 51 0
129 55 0
127 62 0
126 70 0
126 77 0
126 84 0
126 91 0
126 97 0
124 103 0
122 109 0
120 113 0
117 116 0
114 120 0
108 122 0
101 123 0
93 123 0
88 123 0
82 121 0
77 120 0
74 118 0
72 118 0
72 117 0
71 116 0
71 115 0
70 114 0
.PEN_UP
.PEN_DOWN
109 87 0
109 87 0
111 87 0
114 87 0
119 87 0
128 87 0
136 87 0
141 87 0
.PEN_UP