.VERSION 1.0
.HIERARCHY CHARACTER
.COORD X Y T
.SEGMENT CHARACTER
.X_POINTS_PER_INCH 100
.Y_POINTS_PER_INCH 100
.POINTS_PER_SECOND 75
.H_LINE 2760 3280
.V_LINE 2320 2840
.PEN_DOWN
92 62 0
92 62 0
95 63 0
103 69 0
112 77 0
123 85 0
132 93 0
143 103 0
152 111 0
158 115 0
160 117 0
161 117 0
160 117 0
159 117 0
158 115 0
157 111 0
.PEN_UP
.PEN_DOWN
144 68 0
144 68 0
144 67 0
143 67 0
142 68 0
139 73 0
135 79 0
132 85 0
128 91 0
123 98 0
120 104 0
115 110 0
111 116 0
110 119 0
108 122 0
106 125 0
105 125 0
104 127 0
104 128 0
.PEN_UP